<?xml version="1.0" encoding="utf-8"?>
<COLLADA version="1.4.0" xmlns="http://www.collada.org/2005/11/COLLADASchema">
  <asset>
    <contributor>
      <author>www.makehuman.org</author>
    </contributor>
    <created>Thu, 03 Jun 2021 16:22:40 +0000</created>
    <modified>Thu, 03 Jun 2021 16:22:40 +0000</modified>
    <unit meter="0.1000" name="decimeter"/>
    <up_axis>Y_UP</up_axis>
  </asset>

  <library_images>
    <image id="brown_eye_png" name="brown_eye_png">
      <init_from>file://textures\brown_eye.png</init_from>
    </image>
  </library_images>

  <library_effects>
    <effect id="DefaultSkin-effect">
      <profile_COMMON>
        <technique sid="common">
          <phong>
            <diffuse>
              <color>0.2070 0.1130 0.0660 1.0000</color> 
            </diffuse>
            <transparency>
            </transparency>
            <specular>
              <color>0.3000 0.3000 0.3000 1.0000</color> 
            </specular>
            <shininess><float>245.76</float></shininess>
            <normal>
            </normal>
            <bump>
            </bump>
            <displacement>
            </displacement>
          </phong>
          <extra/>
        </technique>
        <extra>
          <technique profile="GOOGLEEARTH">
            <show_double_sided>1</show_double_sided>
          </technique>
        </extra>
      </profile_COMMON>
      <extra><technique profile="MAX3D"><double_sided>1</double_sided></technique></extra>
    </effect>
    <effect id="Eye_brown-effect">
      <profile_COMMON>
        <newparam sid="brown_eye_png-surface">
          <surface type="2D">
            <init_from>brown_eye_png</init_from>
          </surface>
        </newparam>
        <newparam sid="brown_eye_png-sampler">
          <sampler2D>
            <source>brown_eye_png-surface</source>
          </sampler2D>
        </newparam>
        <technique sid="common">
          <phong>
            <diffuse>
              <color>1.0000 1.0000 1.0000 0.0000</color> 
              <texture texture="brown_eye_png-sampler" texcoord="UVTex"/>
            </diffuse>
            <transparency>
              <texture texture="brown_eye_png-sampler" texcoord="UVTex"/>
            </transparency>
            <specular>
              <color>1.0000 1.0000 1.0000 0.0000</color> 
            </specular>
            <shininess><float>256.0</float></shininess>
            <normal>
            </normal>
            <bump>
            </bump>
            <displacement>
            </displacement>
          </phong>
          <extra/>
        </technique>
        <extra>
          <technique profile="GOOGLEEARTH">
            <show_double_sided>1</show_double_sided>
          </technique>
        </extra>
      </profile_COMMON>
      <extra><technique profile="MAX3D"><double_sided>1</double_sided></technique></extra>
    </effect>
  </library_effects>

  <library_materials>
    <material id="DefaultSkin" name="DefaultSkin">
      <instance_effect url="#DefaultSkin-effect"/>
    </material>
    <material id="Eye_brown" name="Eye_brown">
      <instance_effect url="#Eye_brown-effect"/>
    </material>
  </library_materials>

  <library_controllers>

    <controller id="friend-proxy741-skin">
      <skin source="#friend-proxy741Mesh">
        <bind_shape_matrix>
          1 0 0 0
          0 1 0 0
          0 0 1 0
          0 0 0 1
        </bind_shape_matrix>
        <source id="friend-proxy741-skin-joints">
          <IDREF_array count="31" id="friend-proxy741-skin-joints-array">
            Hips LHipJoint LowerBack RHipJoint LeftUpLeg Spine RightUpLeg LeftLeg Spine1 RightLeg LeftFoot LeftShoulder Neck RightShoulder RightFoot LeftToeBase LeftArm Neck1 RightArm RightToeBase LeftForeArm Head RightForeArm LeftHand RightHand LThumb LeftFingerBase RThumb RightFingerBase LeftHandFinger1 RightHandFinger1
          </IDREF_array>
          <technique_common>
            <accessor count="31" source="#friend-proxy741-skin-joints-array" stride="1">
              <param type="IDREF" name="JOINT"></param>
            </accessor>
          </technique_common>
        </source>
        <source id="friend-proxy741-skin-weights">
          <float_array count="1870" id="friend-proxy741-skin-weights-array">
           0.000848485 0.00624175 0.0052526 0.00533083 0.00699769 0.219687 0.000771861 0.00457924 0.000357652 0.000403394 0.00150309 0.0036692 0.0626414 0.0500722 0.0639853 0.0513789 0.133 0.0391985 0.0514057 0.0161974 0.0266173 0.191491 0.169495 0.236146 0.161086 0.236697 0.187007 0.0977203 0.117954 0.257977 0.248828 0.236695 0.279193 0.119425 0.209618 0.202267 0.522036 0.689947 0.352798 0.122297 0.00918379 0.0106659 0.655938 0.684736 0.0183423 0.643915 0.0279216 0.070136 0.0621599 0.320937 0.548366 0.0653403 0.242354 0.308401 0.46208 0.157382 0.0859223 0.0461455 0.0413643 0.000848485 0.0062807 0.00528707 0.00533083 0.00699769 0.224499 0.00727327 0.000771909 0.00457943 0.000403394 0.0036692 0.0627691 0.050165 0.0639395 0.0514227 0.132349 0.0513524 0.0267172 0.192361 0.169777 0.235929 0.161074 0.234215 0.0414805 0.186849 0.118153 0.260595 0.249385 0.235715 0.279238 0.118747 0.241942 0.208891 0.202417 0.702166 0.342143 0.121727 0.00918379 0.0106658 0.653426 0.0183432 0.0278945 0.0697881 0.0639383 0.320875 0.548162 0.0648451 0.243399 0.30906 0.157397 0.826239 0.378186 0.0859147 0.0464871 0.000159533 0.000105501 0.269577 0.00298661 0.00142684 0.00422577 0.000521012 0.310268 0.00278359 0.000585621 0.00190741 0.0285924 0.0159882 0.0596202 0.00407146 0.466945 0.037283 0.00564534 0.0225466 0.133407 0.0678639 0.242238 0.0160009 0.372157 0.240218 0.185067 0.0186838 0.113269 0.321014 0.36326 0.0120647 0.00648872 0.00416745 0.0107151 0.0280638 0.0195467 0.0497707 0.0347799 0.061916 0.0323482 0.0715591 0.260843 0.299707 0.253257 0.167573 0.0718331 0.372693 0.176757 0.169617 0.0552029 0.0272974 0.00713888 0.00496294 0.00186807 0.00458505 0.014928 0.00530044 0.0524575 0.00755704 0.027658 0.0258596 0.0216274 0.230483 0.0181021 0.0122515 0.391435 0.293768 0.613375 0.285907 0.233693 0.189198 0.626719 0.0477432 0.113534 0.209559 0.367955 0.797833 0.772487 0.890753 0.754608 0.174659 0.761372 0.944038 0.771713 0.759166 0.668623 0.700605 0.667862 0.73804 0.070457 0.751576 0.866437 0.844898 0.493216 0.589862 0.348485 0.639888 0.169367 0.39627 0.477155 0.411984 0.0264323 0.00181692 0.0109377 0.0105553 0.15813 0.0587903 0.00426713 0.0497507 0.0487426 0.0716854 0.44787 0.304344 0.0446359 0.108092 0.346926 0.0898881 0.794595 0.890363 0.836869 0.862196 0.00755699 0.027657 0.0258599 0.0216282 0.230482 0.0227149 0.0181034 0.00519584 0.0122515 0.391393 0.293151 0.613557 0.282195 0.232588 0.324795 0.189271 0.627217 0.113623 0.367832 0.797709 0.772455 0.890797 0.754573 0.174391 0.94415 0.759042 0.668104 0.70038 0.667828 0.737987 0.0699074 0.901842 0.751662 0.844597 0.492114 0.589474 0.348084 0.640042 0.169348 0.690719 0.396096 0.477043 0.0279643 0.00181692 0.0109377 0.0105961 0.158023 0.0497215 0.0487346 0.0713193 0.447439 0.304413 0.04464 0.108012 0.346451 0.794636 0.482266 0.890371 0.836627 0.000585621 0.00564534 0.0195548 0.0158828 0.0657862 0.176318 0.288942 0.00186807 0.000159549 0.000105501 0.264682 0.00298646 0.00142684 0.00422607 0.000520989 0.309746 0.00278389 0.00190738 0.0282395 0.0159321 0.0595627 0.00407116 0.483966 0.0374314 0.0225868 0.131727 0.0677354 0.241904 0.016021 0.39534 0.00482275 0.241487 0.189515 0.120504 0.343112 0.367532 0.00850184 0.0100675 0.00329363 0.0149136 0.0391523 0.0224832 0.0600823 0.051169 0.0352902 0.260538 0.308055 0.250688 0.167923 0.0722597 0.398744 0.176814 0.169352 0.028046 0.00520044 0.0524629 0.00738523 0.00486344 0.000106356 0.277042 0.00203638 0.0011467 0.00246668 0.000525277 0.382073 0.00177294 0.00012372 0.000960035 0.0188282 0.0126956 0.0363719 0.00418252 0.225901 0.0241347 0.001879 0.0085889 0.0878989 0.0553511 0.172582 0.0160175 0.339051 0.153895 0.13551 0.0092148 0.139168 0.820948 0.926269 0.841133 0.958955 0.960423 0.975035 0.973505 0.315633 0.356313 0.987935 0.993511 0.995833 0.989285 0.971936 0.971269 0.939563 0.462093 0.570716 0.380315 0.186605 0.263813 0.200807 0.625847 0.986113 0.309282 0.0703425 0.949309 0.414168 0.0313109 0.661484 0.581414 0.612897 0.0636193 0.0631856 0.517331 0.468206 0.15128 0.0165812 0.0207258 0.00543639 0.0020578 0.000644016 0.00230811 0.0183514 0.0777522 0.0173137 0.000532698 0.00104614 0.0283571 0.125866 0.269965 0.299323 0.0165089 0.0219519 0.116731 0.138133 0.528413 0.562672 0.604946 0.730272 0.675671 0.66419 0.602181 0.292057 0.205765 0.562458 0.623496 0.371227 0.672686 0.612132 0.323463 0.696705 0.677754 0.779954 0.604363 0.134503 0.174867 0.0385693 0.192967 0.19943 0.21067 0.211349 0.0924654 0.101216 0.0926197 0.0207937 0.00601171 0.0275019 0.0380949 0.0489006 0.0100372 0.00438649 0.0337858 0.544504 0.805285 0.00142483 0.012272 0.00459206 0.0237765 0.0111393 0.109965 0.0914152 0.000532686 0.00113971 0.0146212 0.029026 0.125941 0.291953 0.0164192 0.0219519 0.116731 0.138159 0.528035 0.562437 0.604929 0.729087 0.676759 0.664424 0.801385 0.292021 0.313635 0.205916 0.562728 0.624185 0.371227 0.676789 0.666214 0.612487 0.323674 0.678154 0.604555 0.1345 0.174867 0.0385703 0.192958 0.21134 0.0923735 0.101188 0.0926855 0.0566778 0.00601118 0.027401 0.0380855 0.048901 0.0538897 0.00438693 0.033787 0.544504 0.805039 0.00142497 0.0198741 0.0122721 0.00459206 0.0237687 0.0111393 0.109965 0.00012372 0.001879 0.00848959 0.0153006 0.058429 0.0726292 0.087306 0.000644016 0.000106366 0.278231 0.00203628 0.00108545 0.00246685 0.000525263 0.383513 0.00171371 0.000993561 0.0189212 0.0127233 0.0366794 0.00418227 0.211911 0.0240572 0.00865162 0.0881631 0.0553201 0.174297 0.0157975 0.316566 0.00173271 0.153526 0.131025 0.116086 0.818714 0.942142 0.891785 0.958985 0.960553 0.975987 0.97365 0.304149 0.352718 0.991498 0.989932 0.996706 0.985086 0.960848 0.968333 0.929252 0.488299 0.619159 0.38941 0.175838 0.262777 0.194958 0.685694 0.986158 0.295405 0.946367 0.423898 0.661846 0.573423 0.614054 0.0637638 0.0628925 0.491771 0.467183 0.151368 0.0199214 0.0855078 0.0173137 0.0051901 0.0020578 0.179052 0.0737315 0.158867 0.0410452 0.0395775 0.024965 0.0264949 0.537907 0.429284 0.619685 0.813395 0.736187 0.799193 0.374153 0.991037 0.992451 0.99305 0.994537 0.992242 0.99276 0.996855 0.356948 0.437148 0.487453 0.540213 0.531688 0.599626 0.645817 0.146788 0.215982 0.0552329 0.0205544 0.046276 0.0407781 0.0108013 0.0138868 0.585832 0.999285 0.5955 0.0330731 0.0584647 0.102957 0.079377 0.00880494 0.00607251 0.000837422 0.133265 0.0689608 0.0666362 0.0717263 0.0720941 0.0739431 0.275548 0.24625 0.505946 0.226103 0.212056 0.24743 0.299706 0.314927 0.319712 0.261832 0.586172 0.417087 0.165815 0.301639 0.158393 0.389461 0.501296 0.527644 0.139704 0.256957 0.0514669 0.0220173 0.148995 0.487732 0.274131 0.0607223 0.169611 0.229316 0.213754 0.247272 0.191475 0.232637 0.292513 0.103734 0.318512 0.486252 0.69238 0.762924 0.867108 0.0395996 0.0774836 0.0099612 0.0344093 0.183467 0.0452382 0.255194 0.199852 0.00898392 0.0240131 0.0833742 0.00228455 0.132952 0.573277 0.0967697 0.243674 0.183777 0.835633 0.962113 0.0584159 0.102947 0.079377 0.00880494 0.00607251 0.191947 0.000837422 0.133233 0.00183954 0.0689578 0.0666069 0.0717263 0.0720941 0.278631 0.246012 0.707554 0.511341 0.225998 0.212026 0.247438 0.299706 0.314927 0.261809 0.422424 0.165716 0.301545 0.158366 0.389184 0.501296 0.527644 0.522777 0.139757 0.25695 0.0514222 0.0220173 0.148995 0.487739 0.274134 0.0607223 0.169611 0.229297 0.213967 0.247331 0.19147 0.233699 0.291424 0.103501 0.17405 0.486234 0.69238 0.67139 0.762723 0.867108 0.987767 0.0393318 0.0773765 0.00978009 0.0340189 0.00171801 0.183038 0.0445294 0.199363 0.0239437 0.0833796 0.00228455 0.132949 0.573281 0.0967708 0.243674 0.184023 0.835615 0.962113 0.959943 0.181286 0.0578584 0.108215 0.0410153 0.0394468 0.0240133 0.0263502 0.511701 0.380841 0.61059 0.824162 0.737223 0.805042 0.314306 1.0 1.0 1.0 1.0 1.0 1.0 1.0 0.330754 0.423537 0.581998 0.54893 0.586536 0.67914 0.699349 0.104682 0.177689 0.0552329 0.00597863 0.0461737 0.0407781 0.0108013 0.0138416 0.576102 1.0 0.61486 0.0330731 0.00896303 0.00754907 0.00695016 0.0054627 0.0077582 0.00724008 0.00314452 0.643052 0.562852 0.512547 0.459787 0.468312 0.400374 0.354183 0.853212 0.784018 0.944767 0.979446 1.0 1.0 1.0 0.887031 1.0 1.0 0.953724 0.959222 0.989199 1.0 1.0 1.0 1.0 1.0 1.0 0.883263 1.0 1.0 1.0 1.0 1.0 0.00071543 0.4045 0.966927 1.0 1.0 0.00947337 0.0245772 0.0150787 0.00248916 0.0162502 0.0144705 0.00673168 0.00125037 0.240077 0.210982 0.156218 0.0729309 0.125013 0.042601 0.00313505 0.401719 0.0688901 0.249086 0.457163 0.265362 0.348826 0.188682 0.0577694 0.435976 0.418525 0.388716 0.0650903 0.169791 0.0901697 0.339405 0.126355 0.0609617 0.417646 0.00621345 0.0203827 0.15147 0.0013243 0.010188 0.0382435 0.0114165 0.217185 0.0961743 0.221068 0.309562 0.363049 0.205941 0.254003 0.039755 0.0808841 0.00423772 0.00365061 0.0530225 0.000925233 0.00550111 0.101413 0.0356744 0.310619 0.00901676 0.0104178 0.00265545 0.337588 0.0515536 0.0265697 0.311262 0.261163 0.194282 0.158822 0.147254 0.363102 0.186802 0.0267015 0.14708 0.0210255 0.329503 0.288208 0.310013 0.0191348 0.142429 0.336482 0.153463 0.347704 0.18696 0.111952 0.234653 0.173765 0.135343 0.177207 0.177105 0.189535 0.191449 0.0581321 0.00478977 0.014377 0.0490361 0.0670256 0.0517131 0.0620613 0.0626222 0.081928 0.00700914 0.00830653 0.014005 0.101413 0.0356744 0.310668 0.00901676 0.0104178 0.00265545 0.337789 0.0515536 0.0265697 0.311235 0.261163 0.194282 0.159239 0.38641 0.147254 0.363131 0.166687 0.186802 0.0267015 0.14708 0.0210255 0.329526 0.288209 0.310013 0.0191348 0.142429 0.336482 0.0215096 0.174778 0.111834 0.164847 0.227747 0.173668 0.135297 0.177211 0.177105 0.189535 0.0578978 0.0125121 0.0489377 0.0670196 0.0517131 0.062056 0.0626222 0.081928 0.0875455 0.00604915 0.00830671 0.0140055 0.070183 0.0382516 0.00947339 0.0246614 0.0150787 0.00248916 0.00192074 0.0162508 0.0144699 0.00675609 0.00125037 0.248371 0.211323 0.031967 0.157045 0.0731594 0.125121 0.0427083 0.00313505 0.401896 0.252588 0.457494 0.265449 0.348926 0.189188 0.0579123 0.437953 0.418541 0.388786 0.0650903 0.169665 0.0901697 0.339395 0.126368 0.0609617 0.417646 0.00621334 0.0203817 0.151587 0.00137589 0.010189 0.000925233 0.0114177 0.217185 0.0961743 0.00550111 0.221259 0.309546 0.363069 0.205936 0.253997 0.039755 0.0809001 0.00423772 0.669246 0.576463 0.418002 0.45107 0.413464 0.32086 0.300651 0.895318 0.822311 0.944767 0.994021 1.0 1.0 1.0 0.887031 1.0 1.0 0.953826 0.959222 0.989199 1.0 1.0 1.0 1.0 1.0 1.0 0.883263 1.0 1.0 1.0 1.0 1.0 0.38514 0.966927 1.0 1.0 0.112969 1.0 1.0 1.0 0.116737 1.0 1.0 1.0 0.000201623 0.00181785 0.000358512 0.000279304 0.00134272 0.0362457 0.0249975 0.00527536 0.00232889 0.0236009 0.000426864 0.129764 0.0178632 0.148844 0.0325439 0.152826 0.00758956 0.390755 0.266018 0.459432 0.912892 0.681215 0.90983 0.652205 0.664042 0.674859 0.0977341 0.0431042 0.172863 0.599514 0.651181 0.856364 0.744801 0.296013 0.626338 0.831781 0.229893 0.0385867 0.175921 0.00990738 0.000744397 0.00140578 0.212216 0.192172 0.0904347 0.01906 0.0367172 0.0144313 0.00845658 0.691171 0.688154 0.503999 0.220782 0.615442 0.17025 0.0820578 0.0336496 0.0370055 0.223706 0.000399525 0.00488987 0.000615438 0.0100912 0.0325711 0.00197773 0.00121704 0.00779486 0.000695412 0.0362612 0.0151329 0.306891 0.0216112 0.00019757 0.00267629 0.0331526 0.00270864 0.0120307 0.107767 0.00717235 0.0328325 0.00261235 0.16058 0.263113 0.140812 0.027657 0.0012511 0.0520692 0.0493579 0.0309246 0.0457377 0.0281969 0.27034 0.349791 0.340715 0.0298897 0.0389085 0.306314 0.033967 0.29795 0.235971 0.382257 0.0507802 0.495981 0.481813 0.49003 0.459033 0.427189 0.419706 0.0226866 0.00226305 0.173363 0.328758 0.28324 0.347881 0.371164 0.376509 0.0100469 0.0497205 0.0852897 0.0325711 0.00197773 0.00121704 0.00779486 0.000695412 0.0362612 0.0151329 0.306894 0.0216112 0.000190965 0.00267656 0.0331526 0.00270864 0.0120307 0.107758 0.00745849 0.0328325 0.00261235 0.160566 0.263113 0.140812 0.0276249 0.00788972 0.0012511 0.0520711 0.00071208 0.0493579 0.0309246 0.0457377 0.0281969 0.27033 0.349795 0.340715 0.0298897 0.0389085 0.306314 0.0215357 0.235978 0.382276 0.0157584 0.0507904 0.495955 0.481813 0.48991 0.459033 0.427189 0.0226863 0.00226282 0.173345 0.328797 0.28324 0.347659 0.371021 0.376509 0.3714 0.0100469 0.0497216 0.085246 0.00140578 0.000201612 0.00181767 0.000358512 0.000279332 0.00134265 0.0366977 0.0249927 0.00527641 0.00232889 0.0236009 0.000426864 0.12977 0.01826 0.14873 0.0325178 0.152753 0.0075888 0.389775 0.266007 0.45945 0.912892 0.68134 0.90983 0.652205 0.664042 0.674859 0.0977341 0.0431042 0.172867 0.599498 0.651181 0.856364 0.744801 0.296013 0.626331 0.831781 0.23006 0.0386453 0.175944 0.00997852 0.000744322 0.212216 0.192224 0.0904347 0.00488987 0.0191093 0.0367172 0.000615438 0.0144326 0.00845658 0.690974 0.68817 0.503982 0.220784 0.615445 0.17025 0.0820598 0.0336496 0.0100912 0.0370055 0.223706 0.112969 1.0 1.0 1.0 0.116737 1.0 1.0 1.0 0.347795 0.335958 0.325141 1.0 0.902266 0.956896 0.231608 0.585418 0.349974 0.348819 0.255199 0.168219 0.787784 0.396197 0.962994 0.776294 0.31957 0.535214 0.000354545 0.0665673 0.0719874 1.0 1.0 1.0 1.0 1.0 1.0 1.0 1.0 1.0 1.0 1.0 1.0 1.0 1.0 1.0 0.866016 1.0 1.0 1.0 1.0 1.0 1.0 0.998022 0.998783 1.0 0.992205 0.999305 0.928064 0.984867 1.0 1.0 1.0 1.0 1.0 1.0 0.31435 1.0 1.0 1.0 1.0 1.0 1.0 0.978389 0.999802 1.0 1.0 0.997324 0.957831 0.986874 0.985314 1.0 0.554645 0.992828 1.0 1.0 1.0 1.0 1.0 1.0 0.915614 0.970818 1.0 1.0 0.398806 1.0 1.0 1.0 1.0 1.0 1.0 1.0 1.0 1.0 1.0 1.0 1.0 1.0 1.0 1.0 1.0 1.0 1.0 1.0 1.0 0.380911 0.653612 0.807449 1.0 1.0 1.0 1.0 0.850658 0.434502 0.76384 0.942374 0.807183 0.950778 0.315383 0.288633 0.276295 1.0 1.0 1.0 1.0 1.0 1.0 1.0 1.0 1.0 0.950975 0.818662 0.28511 1.0 0.81257 0.280403 0.0241513 0.0235609 0.0187705 0.0288908 0.0221734 0.0423051 0.0610213 0.0683501 0.0691326 0.00577897 0.00467107 0.0050013 0.00432491 0.00714834 0.0139192 0.000473111 0.00109029 1.0 1.0 1.0 1.0 1.0 1.0 1.0 1.0 1.0 1.0 1.0 1.0 1.0 1.0 1.0 1.0 1.0 1.0 1.0 1.0 1.0 1.0 1.0 1.0 1.0 1.0 1.0 1.0 1.0 1.0 1.0 1.0 0.866016 1.0 1.0 1.0 1.0 1.0 1.0 0.998022 0.998783 1.0 0.992205 0.999305 0.928064 0.984867 1.0 1.0 1.0 1.0 1.0 1.0 0.314347 1.0 1.0 1.0 1.0 1.0 1.0 0.978389 0.999809 1.0 1.0 0.997323 0.957831 0.986874 0.985314 1.0 0.554453 0.992542 1.0 1.0 1.0 1.0 1.0 1.0 0.915614 0.970818 1.0 1.0 0.398773 1.0 1.0 1.0 1.0 1.0 1.0 1.0 1.0 1.0 1.0 1.0 1.0 1.0 1.0 1.0 1.0 1.0 1.0 1.0 1.0 1.0 0.380911 0.653612 0.807063 1.0 1.0 0.408182 0.850658 0.434502 0.830762 0.76384 0.942374 0.807183 0.950778 0.315374 0.288633 0.276295 1.0 1.0 1.0 1.0 1.0 1.0 1.0 1.0 1.0 1.0 1.0 0.950975 0.818662 0.28511 1.0 1.0 1.0 1.0 0.956955 0.0244041 0.0235624 0.0118305 0.0187742 0.0288908 0.022143 0.0423058 0.0610213 0.0683501 0.00577833 0.00467161 0.0050013 0.00432457 0.00714834 0.0139192 0.0182776 0.000473111 0.00109033 1.0 1.0 1.0 1.0 1.0 1.0 1.0 1.0 1.0 1.0 1.0 1.0 1.0 1.0 1.0 1.0 1.0 1.0 1.0 0.347795 0.335958 0.325141 1.0 0.902266 0.956896 0.235314 0.58473 0.352524 0.348819 0.255199 0.168219 0.787784 0.397275 0.962994 0.776294 0.322259 0.540895 0.000354615 0.0663321 0.0719908 0.580709 0.369571 0.650026 0.552458 0.41996 0.355886 0.0490335 0.00507698 0.171588 0.262695 0.421358 0.00538407 0.284277 0.253217 0.576894 0.368047 0.647476 0.55138 0.417653 0.351793 0.0490335 0.00507698 0.154934 0.262695 0.420491 0.00538407 0.284289 0.253217 0.128086 0.0448996 0.946607 0.920655 1.0 1.0 1.0 1.0 0.565802 0.884512 1.0 1.0 1.0 1.0 0.267314 0.24204 0.235297 0.0595966 0.045011 0.00644562 0.26047 0.108899 0.0533931 0.0303116 0.434198 0.110411 0.560743 0.75796 0.502008 0.512075 0.994616 0.643736 0.997019 0.746783 0.980783 1.0 0.792859 0.726095 0.622191 0.148935 0.0510035 0.488729 0.128085 0.0448996 0.946607 0.920655 1.0 1.0 1.0 1.0 0.565807 0.884512 1.0 1.0 1.0 1.0 0.279378 0.240633 0.235297 0.059707 0.0472235 0.00644562 0.260087 0.107312 0.0533931 0.0303116 0.434193 0.110411 0.565334 0.759367 0.502008 0.513177 0.994616 0.64372 0.997019 0.746783 0.980783 1.0 0.792859 0.722649 0.622216 0.148935 0.0510035 0.488756 0.0029807 0.0192167 0.207141 0.273905 0.377809 0.851065 0.948996 0.511271 1.0 1.0 1.0 1.0 1.0 1.0 1.0 1.0 1.0 1.0 1.0 1.0 0.0029807 0.0192167 0.207141 0.277351 0.377784 0.851065 0.948996 0.511244 1.0 1.0 1.0 1.0 1.0 1.0 1.0 1.0 1.0 1.0 1.0 1.0
          </float_array>
          <technique_common>
            <accessor count="1870" source="#friend-proxy741-skin-weights-array" stride="1">
              <param type="float" name="WEIGHT"></param>
            </accessor>
          </technique_common>
        </source>
        <source id="friend-proxy741-skin-poses">
          <float_array count="496" id="friend-proxy741-skin-poses-array">
            1.0000 -0.0000 0.0000 0.0000
            0.0000 0.9375 -0.3479 -9.3295
            -0.0000 0.3479 0.9375 -2.9417
            0.0000 0.0000 0.0000 1.0000

            -0.1194 -0.2933 -0.9485 2.4031
            0.9907 -0.0983 -0.0943 0.9141
            -0.0655 -0.9510 0.3023 9.4383
            0.0000 0.0000 0.0000 1.0000

            1.0000 0.0000 0.0000 -0.0000
            -0.0000 0.9994 -0.0353 -10.6909
            -0.0000 0.0353 0.9994 0.4437
            0.0000 0.0000 0.0000 1.0000

            -0.1194 0.2933 0.9485 -2.4031
            -0.9907 -0.0983 -0.0943 0.9141
            0.0655 -0.9510 0.3023 9.4383
            0.0000 0.0000 0.0000 1.0000

            0.9937 0.1068 0.0345 -2.1615
            0.1030 -0.9899 0.0974 9.4966
            0.0445 -0.0933 -0.9946 0.2542
            0.0000 0.0000 0.0000 1.0000

            1.0000 -0.0000 0.0000 0.0000
            0.0000 0.9837 -0.1799 -11.9659
            -0.0000 0.1799 0.9837 -1.3060
            0.0000 0.0000 0.0000 1.0000

            0.9940 -0.1037 -0.0354 2.1312
            -0.1004 -0.9914 0.0843 9.5060
            -0.0438 -0.0802 -0.9958 0.1285
            0.0000 0.0000 0.0000 1.0000

            0.9945 0.1037 0.0118 -2.1499
            0.1041 -0.9940 -0.0323 5.8854
            0.0083 0.0334 -0.9994 -0.4626
            0.0000 0.0000 0.0000 1.0000

            1.0000 -0.0000 0.0000 0.0000
            -0.0000 0.9674 0.2534 -12.6907
            -0.0000 -0.2534 0.9674 4.4879
            0.0000 0.0000 0.0000 1.0000

            0.9943 -0.1061 -0.0129 2.1506
            -0.1065 -0.9937 -0.0361 5.3150
            -0.0090 0.0372 -0.9993 -0.4668
            0.0000 0.0000 0.0000 1.0000

            0.9894 0.1287 -0.0675 -2.1908
            0.1032 -0.2949 0.9499 0.4001
            0.1024 -0.9468 -0.3051 0.3503
            0.0000 0.0000 0.0000 1.0000

            -0.2379 -0.9701 0.0478 14.4470
            0.9249 -0.2413 -0.2938 3.2439
            0.2965 -0.0257 0.9547 0.6613
            0.0000 0.0000 0.0000 1.0000

            1.0000 0.0000 -0.0000 -0.0000
            0.0000 0.9486 0.3164 -14.6179
            0.0000 -0.3164 0.9486 5.4597
            0.0000 0.0000 0.0000 1.0000

            -0.2487 0.9672 -0.0510 -14.4084
            -0.9230 -0.2526 -0.2903 3.4128
            -0.2937 -0.0252 0.9556 0.6546
            0.0000 0.0000 0.0000 1.0000

            0.9891 -0.1312 0.0667 2.1917
            -0.1032 -0.2949 0.9499 0.4001
            -0.1050 -0.9465 -0.3052 0.3445
            0.0000 0.0000 0.0000 1.0000

            0.9932 0.1158 -0.0085 -2.2595
            0.0243 -0.1357 0.9904 -1.0837
            0.1135 -0.9840 -0.1376 0.1550
            0.0000 0.0000 0.0000 1.0000

            -0.9742 -0.2242 0.0271 5.0563
            0.2252 -0.9734 0.0418 13.6311
            0.0170 0.0469 0.9988 0.1743
            0.0000 0.0000 0.0000 1.0000

            1.0000 -0.0000 0.0000 0.0000
            0.0000 0.9486 0.3164 -15.1478
            -0.0000 -0.3164 0.9486 5.4598
            0.0000 0.0000 0.0000 1.0000

            -0.9839 0.1778 -0.0155 -4.3825
            -0.1784 -0.9822 0.0596 13.8433
            -0.0046 0.0614 0.9981 -0.0195
            0.0000 0.0000 0.0000 1.0000

            0.9929 -0.1183 0.0081 2.2599
            -0.0243 -0.1357 0.9904 -1.0837
            -0.1161 -0.9837 -0.1377 0.1492
            0.0000 0.0000 0.0000 1.0000

            -0.9150 -0.3874 -0.1123 6.7418
            0.3150 -0.8602 0.4011 9.7502
            -0.2520 0.3317 0.9091 -2.6194
            0.0000 0.0000 0.0000 1.0000

            1.0000 -0.0000 -0.0000 0.0000
            0.0000 0.9997 0.0224 -16.5907
            0.0000 -0.0224 0.9997 0.5910
            0.0000 0.0000 0.0000 1.0000

            -0.9290 0.3476 0.1267 -6.1618
            -0.2759 -0.8792 0.3884 10.0415
            0.2464 0.3259 0.9127 -2.6303
            0.0000 0.0000 0.0000 1.0000

            -0.9339 -0.2741 -0.2294 5.8691
            0.1677 -0.9028 0.3961 7.2184
            -0.3157 0.3315 0.8891 -2.3811
            0.0000 0.0000 0.0000 1.0000

            -0.9491 0.1793 0.2591 -4.8255
            -0.0787 -0.9312 0.3560 7.7278
            0.3051 0.3175 0.8979 -2.3566
            0.0000 0.0000 0.0000 1.0000

            0.7379 -0.0242 0.6745 -3.0911
            -0.5773 -0.5403 0.6122 6.0997
            0.3496 -0.8412 -0.4126 6.3968
            0.0000 0.0000 0.0000 1.0000

            0.7257 -0.2895 -0.6242 0.3551
            0.1825 -0.7937 0.5803 5.7283
            -0.6634 -0.5350 -0.5231 7.3603
            0.0000 0.0000 0.0000 1.0000

            0.8182 -0.0659 -0.5712 3.8218
            0.5406 -0.2502 0.8032 3.1129
            -0.1959 -0.9659 -0.1691 7.7103
            0.0000 0.0000 0.0000 1.0000

            0.7396 0.2792 0.6124 -0.3943
            -0.1319 -0.8320 0.5388 6.2144
            0.6600 -0.4793 -0.5786 6.6563
            0.0000 0.0000 0.0000 1.0000

            0.7818 -0.2949 -0.5494 0.0959
            -0.0349 -0.9004 0.4336 6.7353
            -0.6225 -0.3199 -0.7142 5.7373
            0.0000 0.0000 0.0000 1.0000

            0.8299 0.1651 0.5329 0.8949
            0.0735 -0.9792 0.1889 7.6429
            0.5530 -0.1176 -0.8249 3.7730
            0.0000 0.0000 0.0000 1.0000

          </float_array>
          <technique_common>
            <accessor count="31" source="#friend-proxy741-skin-poses-array" stride="16">
              <param type="float4x4"></param>
            </accessor>
          </technique_common>
        </source>
        <joints>
          <input semantic="JOINT" source="#friend-proxy741-skin-joints"/>
          <input semantic="INV_BIND_MATRIX" source="#friend-proxy741-skin-poses"/>
        </joints>
        <vertex_weights count="741">
          <input offset="0" semantic="JOINT" source="#friend-proxy741-skin-joints"/>
          <input offset="1" semantic="WEIGHT" source="#friend-proxy741-skin-weights"/>
          <vcount>
            1 1 1 1 1 1 1 1 1 1 1 1 1 1 1 3 1 1 1 1 1 1 2 2 1 2 2 3 2 1 1 1 1 1 1 6 1 1 1 1 1 1 2 2 1 1 2 3 3 3 1 3 2 1 1 1 1 1 1 3 3 1 1 6 1 1 1 1 1 1 1 1 1 1 1 1 1 1 1 1 1 1 1 1 6 5 4 1 1 1 1 4 7 3 3 3 3 6 5 5 1 1 1 1 1 1 1 1 1 3 3 4 1 3 4 7 6 7 6 6 6 5 4 4 6 5 6 6 6 6 6 5 4 6 6 6 3 3 2 2 2 2 1 2 2 4 3 2 3 3 2 4 2 4 4 2 5 4 4 5 4 5 6 2 4 5 3 4 3 6 4 5 4 4 5 4 4 5 4 4 5 5 5 5 4 3 4 7 5 5 5 4 5 4 4 7 5 5 5 4 5 4 4 4 7 6 4 3 3 3 4 5 3 4 3 2 2 2 2 2 2 2 2 2 4 4 2 2 2 2 2 3 3 3 3 2 2 2 2 2 2 2 2 2 2 2 2 2 2 2 2 2 2 2 2 2 2 3 1 1 1 1 2 3 1 1 1 1 4 2 3 3 2 3 2 2 2 1 2 2 2 2 2 2 1 1 1 1 1 1 1 1 1 1 1 1 2 2 2 2 1 1 1 2 1 1 1 1 1 2 2 2 1 1 1 1 1 1 2 1 1 1 1 1 1 1 1 2 3 6 3 2 2 2 2 1 1 1 1 1 1 1 1 1 1 1 1 1 1 1 1 1 1 1 6 4 4 4 4 5 4 5 5 6 4 5 5 7 1 1 1 1 1 1 1 1 1 1 1 1 1 1 1 3 1 1 1 1 1 1 2 2 1 2 2 3 2 1 1 1 1 1 1 6 1 1 1 1 1 1 2 2 1 1 2 3 3 3 1 3 2 1 1 1 1 1 1 3 3 1 1 6 1 1 1 1 1 1 1 1 1 1 1 1 1 1 1 1 1 1 1 1 1 6 5 4 1 1 6 4 7 4 3 3 3 3 6 5 5 1 1 1 1 1 1 1 1 1 1 1 3 3 4 1 1 1 1 3 7 6 8 7 6 6 6 5 4 6 6 6 6 6 6 5 4 4 6 6 6 3 3 2 2 2 2 1 2 2 4 3 2 3 3 2 4 2 4 4 2 5 4 4 5 4 5 5 2 4 5 3 5 4 3 5 6 4 5 4 4 4 5 4 5 4 5 5 5 5 4 4 5 5 5 4 5 4 3 4 5 5 5 4 5 4 7 4 4 6 4 3 3 3 4 5 3 4 3 4 2 2 2 2 2 2 2 2 2 4 4 2 2 2 2 2 3 3 3 3 2 2 2 2 2 2 2 1 1 1 1 1 1 1 2 2 2 2 2 2 2 2 3 1 1 1 1 2 3 1 1 1 1 4 2 3 3 2 3 2 2 2 1 2 2 2 2 2 2 1 1 1 1 1 1 1 1 1 1 1 1 2 2 2 2 1 1 1 2 1 1 1 1 1 2 2 2 1 1 1 1 1 1 2 1 1 1 1 1 1 1 1 2 3 3 2 1 2 2 1 1 1 1 1 1 1 1 1 1 1 1 1 1 1 1 1 1 1 1 1 4 4 4 4 5 4 5 5 4 5 6 5 5
          </vcount>
          <v>
